0 - - 0.7113 15 |
1 - - 0.7175 15 |
2 - - 0.7134 15 |
3 0.869 0.712 0.7134 15 |
4 0.871 0.715 0.7156 15 |
5 0.870 0.715 0.7156 15 |
6 0.751 0.703 0.7132 9 |
7 0.748 0.700 0.7069 10 |
8 0.751 0.700 0.709 9 |
9 0.885 0.690 0.7116 15 |
10 0.865 0.712 0.7134 15 |
11 0.747 0.703 0.7132 9 |
12 0.864 0.718 0.7178 15 |
13 0.867 0.706 0.707 15 |
14 0.793 0.693 0.710 11 |
15 - - 0.705 16 |
16 0.861 0.712 0.712 15 |
17 - - 0.709 15 |
18
19

0 0.752 0.703 0.711 9 |
1 0.749 0.700 0.709 9 |
2 0.870 0.709 0.711 15 |
3 - - - - |
4 0.749 0.703 0.711 9 | 0.732 0.709 0.715 5?
5                     | 0.734 0.712 0.719 5
6                     | 0.734 0.700 0.711 5
7                     | 0.735 0.703 0.711 5
8
9

0                     | 0.733 0.700 0.711 5 
1                     | 0.733 0.706 0.715 5
2                     | 0.733 0.709 0.715 5
3                     | 0.736 0.703 0.711 5
4                     | 0.733 0.703 0.711 5
5                     | 0.734 0.709 0.717 5
6                     | 0.734 0.703 0.713 5
7                     | - - - - 
8                     | 0.736 0.706 0.713 5 
9                     | 0.736 0.697 0.707 5
10                    | - - - - 

0.736 0.709 0.715 5

